mass: 1.33637
CoM: [ -0.0116346 , -0.00708252 , 0.0733785 ]
