mass: 1.34192
CoM: [ -0.0105768 , -0.00761857 , 0.07283 ]
