mass: 1.46026
CoM: [ 0.000115032 , 0.00571338 , 0.0915924 ]
