mass: 0.529049
CoM: [ 0.00332305; -0.0192504; -0.273458 ]
