mass: 0.0116971
CoM: [ -0.049676; -0.124835; -3.38974 ]
