mass: 1.12753
CoM: -0.0013353 , -0.000860624 , 0.0565079
