mass: 1.19623
CoM: [0; 0; 0.18102 ]
