mass: 1.37871
CoM: [ 0.00492891 , -0.0092733 , 0.071222 ]
