mass: 0.0825469
CoM: [ 0.0161799; -0.016852; 0.0438487 ]
