mass: 0.00804322
CoM: [ 0.160831; -0.0432947; -0.708603 ]
