mass: 1.14336
CoM: [ -0.000394488 , -0.0101547 , 0.0656091 ]
