mass: 1.18238
CoM: [ 0.00110775 , -0.00965244 , 0.0641517 ]
