mass: 0.319382
CoM: [ -0.000935085 , -0.00297776 , 0.0347686 ]
