mass: 1.37871
CoM: [ 0.00474384 , -0.00909298 , 0.0719102 ]
