mass: 1.18123
CoM: [ 0.00129555 , -0.00864424 , 0.0647859 ]
