mass: 1.13779
CoM: [ 0.000370121 , -0.0101982 , 0.0656929 ]
