mass: 1.12
CoM: [ 0.000366099 , -0.0102563 , 0.0668896 ]
