N: 18
wrench: [-0.299703, 0.557484, 0.457259, -13.2481, 0.322675, 13.6074, 1.36422, 1.99e-05, -1.42807, 13.3439, 0.359316, -13.5158, -12.9504, 6.94183, 7.95562, -13.5859, -13.3074, -10.4568; -0.805885, -0.745601, 0.0248302, -2.7125, -14.2216, -3.34114, 0.384273, 0.488584, -0.382173, -1.62342, 12.9048, -0.399099, -1.15317, -12.5314, 10.3288, -1.79044, 3.83518, 8.61274; 12.9909, 12.9544, 13.1458, 0.0434372, -0.286595, -0.548396, -14.0241, -13.2885, -13.7381, -0.528556, -0.407503, -0.195084, 0.0866178, -0.312387, -0.164995, -0.633688, -0.626935, -0.651253; -0.093911, -0.103256, -0.164765, 0.193181, 0.972295, 0.145198, 0.0765456, 0.030276, 0.105243, 0.0597246, -0.958621, 0.0120536, 0.0833771, 0.828196, -0.790899, 0.12412, -0.269828, -0.615036; -0.0957396, -0.0399232, -0.0336201, -0.958897, 0.0151101, 0.978576, 0.115685, 0.0642706, -0.039945, 0.986642, 0.0318082, -0.956362, -0.955267, 0.484075, 0.573447, -0.952398, -0.930556, -0.74911; -0.00811105, 0.00190475, 0.0131558, -0.139496, -0.0593846, 0.155788, -0.0253018, 0.0153932, -0.012708, 0.107435, 0.0874739, -0.103759, -0.145144, -0.0312058, 0.140174, -0.129063, -0.114498, -0.0715054]
quaternion: [0.00560878, 0.0136972, 0.0114198, 0.0469283, 0.489966, 0.70252, 0.0439691, 0.676782, 0.99123, 0.0595779, 0.472747, 0.718286, 0.526156, 0.121181, 0.657124, 0.573822, 0.473622, 0.354571; 0.999743, 0.607563, -0.244447, 0.702906, 0.483737, 0.0370403, -0.0370639, -0.0204377, 0.00580548, 0.694268, -0.466468, 0.0442981, -0.429578, -0.233697, -0.682129, 0.484106, 0.377775, 0.25636; 0.0176934, 0.794145, 0.969559, 0.0835823, 0.516783, 0.706891, -0.0122726, -0.0332665, -0.0386101, 0.0239792, -0.514767, -0.693263, -0.553559, 0.660567, 0.160212, -0.486715, -0.573217, -0.636844; 0.013026, 0.00370805, -0.00841586, 0.704794, 0.508791, 0.0734712, 0.99827, 0.735148, 0.126247, -0.716845, 0.542156, 0.03858, -0.481866, 0.703101, 0.277884, 0.44663, 0.551716, 0.634814]
